i	j
96	151
96	174
322	374
309	392
321	392
373	460
435	487
460	571
517	571
531	586
551	604
561	619
735	786
871	927
927	980
1029	1082
1053	1114
1058	1114
1203	1270
1216	1270
1221	1272
1225	1276
1393	1446
1398	1449
1398	1450
1396	1451
1397	1456
1405	1458
1389	1460
1402	1460
1399	1463
1390	1464
1397	1469
1392	1473
1420	1473
1395	1476
1437	1508
1447	1513
1469	1520
1453	1529
1479	1535
1489	1540
1484	1541
1491	1546
1488	1553
1509	1560
1468	1561
1480	1561
1511	1562
1510	1563
1510	1565
1513	1569
1507	1571
1516	1587
1522	1587
1534	1587
1589	1644
1585	1652
1587	1654
1587	1665
1590	1668
1631	1682
1631	1704
1635	1704
1639	1704
1658	1711
1682	1737
1655	1744
1696	1755
1711	1762
1679	1763
1711	1765
1706	1766
1706	1768
1708	1768
1716	1768
1712	1770
1722	1779
1723	1779
1728	1779
1724	1782
1728	1782
1716	1784
1723	1787
1735	1794
1794	1846
1784	1848
1794	1849
1779	1852
1793	1852
1779	1853
1776	1855
1790	1859
1794	1859
1804	1859
1793	1860
1793	1861
1794	1864
1814	1869
1814	1870
1807	1871
1813	1871
1808	1872
1819	1872
1811	1873
1814	1873
1784	1874
1794	1874
1804	1874
1819	1874
1794	1875
1815	1875
1819	1875
1779	1876
1794	1876
1815	1876
1818	1876
1792	1877
1793	1877
1802	1877
1808	1877
1815	1877
1826	1877
1815	1878
1818	1878
1779	1880
1818	1881
1781	1882
1819	1882
1828	1882
1814	1884
1791	1885
1828	1885
1831	1886
1815	1887
1829	1887
1831	1887
1831	1888
1831	1890
1792	1893
1831	1895
1828	1896
1863	1914
1859	1919
1849	1934
1874	1938
1884	1938
1892	1944
1893	1944
1882	1947
1896	1949
1914	1967
1892	1970
1886	1973
1891	1973
1912	1973
1919	1973
1920	1975
1919	1976
1921	1977
1916	1978
1914	1982
1919	2000
1973	2024
1984	2035
1996	2051
1998	2052
2001	2055
2003	2067
2010	2068
2018	2069
1998	2071
2017	2071
1989	2075
1992	2075
2016	2075
2024	2076
2001	2077
2002	2077
2018	2077
1985	2080
2003	2080
2017	2080
2024	2080
2028	2080
1984	2081
2025	2081
2031	2082
2031	2086
2021	2089
2031	2089
2037	2089
2038	2089
2034	2090
2028	2100
2040	2100
2045	2100
1996	2101
2015	2101
2035	2101
2044	2101
2047	2101
2040	2102
2050	2102
2051	2102
2026	2103
2034	2103
2041	2103
2051	2103
2052	2103
2048	2104
2051	2104
2052	2104
2002	2105
2004	2105
2037	2105
2038	2105
2041	2105
2045	2105
2046	2105
2047	2105
2051	2105
2052	2105
2053	2105
2054	2105
2024	2106
2015	2107
2024	2107
2037	2107
2044	2107
2048	2107
2050	2107
2052	2107
1973	2108
2031	2108
2034	2108
2038	2108
2039	2108
2040	2108
2042	2108
2043	2108
2045	2108
2049	2108
2051	2108
2052	2108
2053	2108
2055	2108
2057	2108
2002	2110
2031	2110
2041	2110
2044	2110
2050	2110
2053	2112
2057	2115
2032	2116
2051	2119
2055	2119
2028	2121
2040	2121
2042	2122
2050	2122
2051	2122
2068	2122
2070	2122
2042	2127
2038	2128
2070	2128
2066	2129
2066	2130
2040	2131
2057	2131
2062	2131
2048	2132
2052	2132
2068	2132
2070	2132
2077	2132
2038	2134
2039	2134
2055	2134
2061	2134
2068	2134
2079	2134
2082	2134
2085	2138
2052	2140
2052	2147
2065	2149
2101	2173
2119	2185
2150	2207
2164	2216
2163	2217
2168	2219
2145	2224
2171	2229
2190	2243
2190	2244
2185	2245
2191	2245
2173	2256
2195	2259
2195	2261
2180	2262
2222	2278
2396	2448
2394	2451
2396	2451
2394	2452
2396	2457
2404	2457
2405	2457
2410	2461
2394	2462
2399	2462
2402	2462
2404	2462
2410	2462
2404	2463
2411	2463
2409	2464
2410	2464
2402	2465
2405	2465
2412	2465
2413	2465
2414	2465
2400	2466
2402	2466
2403	2466
2411	2466
2413	2466
2415	2466
2395	2467
2410	2467
2415	2467
2416	2467
2415	2468
2406	2469
2404	2470
2415	2470
2404	2471
2410	2471
2413	2471
2415	2471
2417	2473
2400	2474
2405	2474
2413	2474
2416	2474
2418	2474
2411	2475
2413	2475
2418	2476
2421	2479
2406	2480
2421	2480
2429	2480
2421	2485
2410	2486
2403	2488
2398	2493
2413	2493
2415	2493
2448	2499
2451	2520
2451	2524
2478	2529
2479	2533
2486	2545
2493	2548
2470	2549
2488	2549
2489	2549
2490	2549
2500	2552
2474	2554
2491	2554
2400	2558
2493	2568
2528	2589
2550	2601
2549	2602
2552	2609
2552	2618
2558	2622
2554	2623
2557	2623
2554	2626
2570	2626
2554	2661
2578	2661
2626	2679
2620	2688
2634	2688
2644	2699
2662	2713
2800	2859
2804	2862
2807	2862
2811	2870
2823	2879
2862	2926
2909	2962
3007	3622
3009	3622
3012	3622
3013	3622
3015	3622
3009	3623
3013	3623
3010	3624
3012	3624
3013	3624
3007	3625
3009	3625
3012	3625
2862	3626
3006	3626
3007	3626
3008	3626
3009	3626
3010	3626
3012	3626
3013	3626
3014	3626
3015	3626
3016	3626
3034	3626
2809	3627
2963	3627
2996	3627
2997	3627
2999	3627
3002	3627
3003	3627
3004	3627
3006	3627
3007	3627
3008	3627
3009	3627
3010	3627
3011	3627
3012	3627
3013	3627
3014	3627
3015	3627
3016	3627
3006	3628
3007	3628
3010	3628
3011	3628
3012	3628
3013	3628
3018	3628
3016	3630
3015	3631
3016	3631
3015	3632
3627	3679
3626	3682
3625	3685
3626	3685
3627	3685
3628	3685
3614	3693
3626	3694
3627	3694
3627	3695
3627	3743
3676	3750
3628	3751
3627	3774
3626	3796
3779	3875
3933	3990
3935	3992
3944	3997
3950	4002
3994	4049
4059	4120
4068	4120
4072	4124
4071	4126
4075	4126
4075	4128
4077	4128
4072	4129
4074	4129
4075	4129
4074	4131
4075	4131
4080	4131
4075	4132
4078	4132
4077	4134
4083	4134
4073	4138
4088	4139
4086	4140
4094	4146
4098	4163
4134	4189
4001	4194
4173	4246
4194	4251
4240	4291
4246	4299
4193	4307
4291	4343
4291	4345
4295	4351
4300	4360
4294	4368
4316	4372
4318	4373
4293	4374
4314	4374
4316	4374
4314	4375
4330	4383
4379	4438
4388	4440
4388	4443
4384	4446
4388	4447
4388	4454
4512	4567
4557	4612
4581	4657
4654	4708
4661	4717
4676	4730
4677	4734
4680	4734
4676	4736
4683	4736
4676	4739
4682	4739
4676	4741
4680	4744
4674	4745
4678	4745
4682	4749
4692	4754
4702	4754
4670	4755
4696	4759
4702	4759
4707	4759
4678	4760
4685	4760
4692	4760
4701	4760
4702	4760
4707	4760
4712	4771
4702	4772
4692	4780
4692	4784
4755	4806
4736	4807
4751	4808
4744	4809
4749	4809
4760	4811
4755	4814
4758	4814
4793	4851
4801	4865
4802	4865
4807	4868
4815	4872
4808	4873
4758	4880
4833	4885
4837	4891
4838	4891
4829	4893
4846	4897
4851	4902
4811	4903
4855	4908
4841	4911
4854	4911
4859	4911
4851	4915
4854	4916
4933	4984
4935	4988
4938	4989
4936	4992
4941	4994
4937	4995
5057	5117
5067	5120
5064	5127
5070	5127
5074	5127
5074	5145
3601	5153
3601	5163
3601	5165
3601	5166
5181	5245
5197	5251
5224	5282
5245	5299
5264	5322
5265	5332
5339	5391
5340	5395
5342	5395
5350	5422
5369	5423
5363	5432
5373	5440
5397	5449
5397	5450
5398	5450
5383	5451
5400	5451
5398	5452
5400	5452
5375	5453
5397	5453
5400	5453
5387	5454
5390	5454
5396	5454
5398	5454
5399	5454
5403	5454
5400	5455
5401	5455
5404	5455
5379	5457
5384	5457
5405	5457
5397	5458
5401	5458
5404	5458
5396	5459
5397	5459
5398	5459
5400	5459
5405	5459
5408	5459
5408	5461
5379	5470
5400	5479
5403	5479
5415	5479
5419	5479
5428	5489
5429	5492
5401	5493
5414	5493
5387	5497
5403	5497
5408	5497
5415	5497
5419	5497
5404	5498
5422	5499
5453	5528
5465	5528
5470	5528
5464	5541
5510	5563
5512	5564
5512	5566
5512	5569
5510	5572
5512	5572
5519	5574
5510	5575
5528	5580
5510	5582
5528	5582
5529	5588
5523	5596
5563	5628
5641	5694
5671	5731
5726	5781
5776	5827
5769	5838
5796	5847
5797	5860
428	5874
5860	5911
5944	6000
5949	6001
5950	6001
5948	6002
5949	6002
5950	6002
5951	6002
5950	6003
5948	6004
5952	6004
5950	6005
5948	6006
5951	6006
5954	6007
5951	6008
5953	6009
5951	6010
5955	6010
5958	6010
5949	6011
5951	6011
5958	6011
5948	6012
5954	6020
5942	6022
5948	6024
5967	6024
5975	6027
5973	6035
5961	6037
5994	6048
6014	6065
6012	6070
6045	6105
6043	6106
6043	6110
6116	6169
6120	6171
6126	6178
6134	6186
6140	6201
